1799224895 1234411276 1048476625 759206847 43481263 1260751537 786897903 1993900434 1017224787 720758030 
913072939 1235792140 1424796517 1493587184 236859087 1824337904 1051943998 1376443688 1595840447 954756472 
1106021651 1864938042 1957877170 2069770423 2041989810 1321436326 2129328107 886937908 865388916 26717393 
1896419135 598601960 2019607039 886517180 948079385 39358325 1777796843 425365055 1672479014 1934447457 
232453893 1898878011 1350599807 1387367096 1053014183 1283743546 699750762 354248125 897611709 494336469 
1510481419 919530656 146992663 579056988 845321244 853548094 443760499 374252326 1953417465 1964968058 
418215589 296233158 513640535 551709689 1852634023 2007411339 2102201289 873595539 1958816236 390950698 
707513021 346939241 628812285 839805603 975620560 939026536 658398184 651036599 1860181586 1091778160 
1120904137 553780197 697513956 189500704 691881717 1411283063 841711872 1111955886 2127530626 147999386 
1518107810 906680610 1342870472 1967768865 208434863 1285477922 2029867908 275092446 2001178412 731074930 
163648722 207580403 483943799 754248687 266231541 677583858 932082265 1484369958 1378909437 138940332 
163756521 41000573 526152327 1142240421 1260863557 1677336663 62606864 1436666487 410830787 609454263 
369038339 1281579822 654628021 415187413 409887469 768101374 443363212 1284231871 1992107776 1078883654 
264148922 59875301 2097801575 266654522 189314071 1702769726 1925914338 1694778999 2076936093 933033682 
993610238 16395270 565537162 677155435 1127672400 1710123329 428503573 1290935924 1230930175 96566660 
470236353 2098304749 1480148232 780427956 1777399852 1143102407 1216415932 126066764 1527267299 697694170 
202916359 235244104 570981227 2061698888 2060394142 227728742 1122772274 155639858 656295512 1217702028 
2034148863 494917931 1427587589 831020159 767023763 72537451 943247794 67206178 24063990 234314344 
794144535 660269822 892637885 67147620 2122078713 941904968 1950044424 836079155 787570861 2126237496 
580763698 595707016 2144972320 138853657 133407677 744292753 552012105 1515236343 1311657391 1498088583 
61546370 1093081539 1149836611 1974945116 1107423338 1178464792 1428472314 499228387 131251257 1335289258 
6317123 796135942 1373316801 1703591403 1250982304 1469259936 1546855458 1521426257 433448861 406389457 
589370382 1968304989 1174634694 1492280420 841100190 1803592816 1918426309 1405031001 129288024 1744146636 
164803393 1423498850 1044467519 1059047650 857734162 1550371824 451824676 1319389678 700292155 85039193 
548417147 412946837 1026288518 161242002 197882921 1570673529 80725861 1745590108 289023045 2139466523 
1103263501 1007868975 127432383 398727067 1754433445 72963492 966585780 1710486028 1420051685 1013751256 
39590110 191829370 1952048044 1848552110 563907534 478315079 1775155673 1569785264 1975362396 485115898 
2022343921 564344040 318492269 510797935 595817266 709774179 321797248 111390064 1216315830 1815437944 
1106243523 1617701293 1899493046 1713500261 948811597 1372731154 1682796689 1405126712 1068424773 1349473911 
1934839677 640919545 1623704066 1193779786 1908337874 2083230278 2097727803 864947503 1525398540 1458301126 
1564018420 2116315855 521341511 1165885668 1137302468 1520532510 2065883420 270435094 1734023383 1979750592 
1615587898 58812015 1320869640 1372995352 621929831 1025258215 786336813 1246525674 2110564606 804767244 
287555456 1351619545 472071638 1656378872 36490163 353277655 1581471212 1292762871 84035577 1169242698 
97505771 579317108 301050752 596159241 1526414510 1085496392 87942634 1478284399 1698937207 1759644856 
2098420853 1946454930 547839153 998821550 1767528804 143058170 167863053 749923374 972887920 174216204 
1059223892 323716794 1983243879 2106364212 853571951 1125699362 1042026353 183041600 1084228270 1845558334 
358314790 690772808 1150453808 1646812053 7583276 177325510 915271776 939108255 813266920 1927493081 
647349173 1655225112 1033080790 1091130624 812648912 1613591046 1274512909 853231831 754504273 1609652973 
1205806154 1557190282 1004394833 477465264 1801886682 1196620930 425450848 381828089 192479297 1688040751 
1780487371 714345437 493911898 913003429 1049787279 1481350934 749851301 384204993 298616001 287967940 
1961818094 1937623466 495725203 935689020 1848708124 57555842 1666500081 178628046 208201654 1154873875 
1729812394 888903938 378017135 1250368073 357025882 49778530 2121053198 1736953931 1837857493 1694083409 
461736296 861425122 2070582866 939521091 35506672 1709966366 949504333 120902198 104532579 2089327158 
777837293 1344713070 1197393944 543401764 670651458 1574643609 893081126 41630350 596413997 499666164 
1661642607 1572154835 647407263 1605195388 934768100 1752749532 40746417 261286261 2054792537 884505193 
104368036 673562696 1702072244 1223542364 639523752 1842644941 951751628 2093442014 867036331 669308750 
1105513967 249079415 194488173 281140141 394138850 777980086 1728601292 296192327 114850997 893792554 
2102033862 1281733895 1082362265 1214329871 298246483 1200995535 766712706 349482440 619012602 1060293425 
2021342208 909104748 1544533302 1247153337 1743073161 784234709 5522768 1478096504 13438774 1482209573 
679506226 388556589 536202661 1412947047 141231368 1709723695 2097524133 555580567 1981784583 972069500 
152606988 2121885664 915720360 1994154095 1391560496 1734447519 1169422523 879632550 774136820 108644721 
959854855 962716027 1497088797 1744067880 2134221880 1778018212 788819420 540075939 950279803 732086817 
399481864 889909597 9478225 554379052 632810989 1290023503 809071416 419222021 1542259110 226408639 
1418310113 1406634580 1873987127 1285130641 525902506 925658620 1663137968 922239606 537950829 2137275762 
25690142 1424533073 488936416 221930851 350485980 2127174583 408944258 2053615859 1024005684 1377544588 
1244391079 2029135575 191955762 4373033 516366698 1909216680 2090821336 2056387830 1547302355 270375652 
294248699 893795379 750260850 15460710 1860989638 242058782 2074553706 123274059 778220277 560360685 
618037882 65248790 2119464558 461836505 2094273968 1783506905 542085989 452894411 1837765912 1451092719 
7088876 1824543886 614532942 136000617 786406893 174235461 1922400698 449590749 1861643635 906177585 
1383831604 36036938 1292216639 944693613 1062057481 1121740329 784433666 1079731925 259621713 609468443 
1096491623 1092515253 1853195423 1233399993 1465905439 549750634 1105593666 617310122 1180060207 410261595 
1034422542 74519198 1573489278 1365784861 473889376 550444550 1357982681 1918794060 1856107319 35928024 
1748598303 1710897442 2042358485 1703700591 271992090 1746829235 617297533 58453100 1498014624 851664167 
357853738 891383303 1520545442 1298975310 1780547292 15208574 1898348426 499455340 2047075929 936273999 
1902670767 237447912 1855559698 885945228 994572614 1375603375 515567630 1858196999 2089196738 824601448 
1464833938 1204711385 199816222 735310303 489861857 1555481516 367190757 1701099216 1499258797 1357641563 
1043941214 702084057 1102950667 1417096839 860789760 567596552 1450478292 812516616 619743031 66778595 
656121660 1223840227 1482074657 1995691374 157130478 1539998628 1868987690 747544295 2015328281 2027180363 
451695170 1134036684 1959217348 1884895479 1836434348 1661700989 1170177055 1923247406 1290071167 496590603 
2013312175 197362459 1975613246 1238714942 1255146353 387341964 805298285 427742385 1377344769 248698132 
850226346 1907297633 1353702365 1674715258 1237200581 789865872 1229359214 797891942 1201639236 1829956931 
329381167 395841640 725155438 1127923451 471464424 255933371 1930681633 1830552158 792799364 1218890983 
2086003289 1133503295 1520248136 1999991072 839803713 565173615 1191426041 1427243356 649231935 725589900 
78708202 1346452071 1897794775 1286444876 1591453665 1263444128 1264691288 1747674269 853553204 1077927245 
956025962 1018342730 880320378 445045401 2013877955 1805051950 1621388443 1446130890 1655477197 1771481725 
723681012 1437905456 1721047546 1780230332 2031458279 1379807980 620359960 1911515963 545515722 984468444 
666935375 1813439509 1519025695 2035666654 1559314774 125906245 1773562178 984261701 1826998092 1857515225 
108923323 64671455 1649229566 585125042 805250990 302740621 1482249526 469231836 690307230 1407265690 
2070848284 442457411 1204445674 1386430252 1317302781 33497540 1886813940 2126586653 1108164958 1703942916 
2068245591 320395634 1605427000 822599872 242475312 2042323834 1539467457 1997311815 141998683 1327985574 
1031970520 2048009172 972843049 1934699077 1491218324 514665530 1631114178 1724369608 237587935 940726345 
1028344803 1050494542 341214493 1226815272 516841603 406340901 1777945883 2110084623 361988269 770603230 
698078621 626736560 571113734 1288576835 325144492 1050459087 358396321 1425223825 763576815 586731513 
1881714983 729104038 723840228 356596292 2127190145 1283203645 458058724 1488359550 1560111331 1226489705 
1326644261 908411547 807595031 1116018088 625729305 718690210 1123401711 1781907181 888089966 1809498057 
1260460407 4892009 1648849640 1949075878 927238604 2068894120 2047760691 128971283 786419153 1322094962 
2040173392 692479870 1845416620 1154814428 395556842 1424353359 805189891 1731570035 1149234054 1593292254 
1800549513 923714910 947859523 719196099 1976868762 866814241 801779930 2072079252 127580457 237663218 
778671051 1458697010 2051093636 1321772295 647357795 1208768949 1059168401 691804897 746761215 191382169 
1871777988 188102625 702541406 932253020 342028470 921380581 1670857695 878137728 540340093 1798995812 
1775237639 1461297154 1952233156 464789976 657047595 1896501561 940541109 2027552911 745230303 1234909433 
1725090049 181230914 942625055 1290841167 1358441763 1731752762 1209286813 1657219429 1207255686 1560036184 
983685899 1658700156 502442038 1131740785 745617964 1157585842 803366980 1984299040 1813155021 31180696 
998120123 1986814833 1722255153 1287957714 831271584 869958643 963772820 1993515034 773917078 1747065320 
1813400005 807817034 485891321 2098365782 1686785168 2064222360 291090952 2141301240 2015656036 321872507 
351666421 557381717 214148161 1145667534 1998181853 2060891323 895526520 1805647339 188747453 252488254 
1051167753 78276091 1193092816 150374403 2064964951 1869539394 537394339 609286602 1068769574 198593785 
1025042084 1439739544 1521149224 1005935293 2038887256 123497059 1280683612 869925398 144707682 2010590173 
1877746637 1449893454 492359623 68045389 1568692475 1589526186 1448994452 1800610162 7141329 911212649 
1981621988 456905155 213535590 1101792182 19522919 1102684997 1411062184 1493087521 2070730278 2078859090 
